 F
       16325       31683           3        1024
   -0.156051172531568795E+03   -0.145846811135592191E+03
 T
   2
    0.200000000000000000E+01    0.300000000000000000E+01    0.943359375000000000E+00    0.566406250000000000E-01
   0
   0
 T T     0           0
    0.000000000000000000E+00   -0.100000000000000002+101    0.000000000000000000E+00
 T F     1         966
    0.280747702406324932E-06   -0.156100106370521473E+03   -0.145830142933526247E+03
 T F     1          58
    0.784140144321395745E-07   -0.159092825800041879E+03   -0.146179172313750087E+03
