 F
       37809       69534           3        1024
   -0.526691996078685747E+03   -0.497006610922535003E+03
 T
   2
    0.200000000000000000E+01    0.300000000000000000E+01    0.566406250000000000E-01    0.943359375000000000E+00
   0
   0
 T T     0           0
    0.000000000000000000E+00   -0.100000000000000002+101    0.000000000000000000E+00
 T F     1          58
    0.203716312304859634E-14   -0.657588271213005441E+03   -0.628059918099638935E+03
 T F     1         966
    0.175780690948676771E-15   -0.526691996078685747E+03   -0.497006610922535003E+03
