 F
       18351       34101           3        1024
   -0.154736504626846880E+03   -0.142465857157704988E+03
 T
   2
    0.200000000000000000E+01    0.300000000000000000E+01    0.970703125000000000E+00    0.292968750000000000E-01
   0
   0
 T T     0           0
    0.000000000000000000E+00   -0.100000000000000002+101    0.000000000000000000E+00
 T F     1         994
    0.426442850965541817E-07   -0.154763918019311461E+03   -0.142460957653983996E+03
 T F     1          30
    0.269876996451514925E-08   -0.158346903619951519E+03   -0.142642145246788147E+03
