 F
        9380       20108           3         512
   -0.192500616720748468E+03   -0.180172819827276641E+03
 T
   2
    0.200000000000000000E+01    0.300000000000000000E+01    0.923828125000000000E+00    0.761718750000000000E-01
   0
   0
 T T     0           0
    0.000000000000000000E+00   -0.100000000000000002+101    0.000000000000000000E+00
 T F     1         473
    0.220109866226498166E-07   -0.192524765011262616E+03   -0.180103121180630296E+03
 T F     1          39
    0.402627988900899577E-07   -0.196236208256161149E+03   -0.183024387391271119E+03
