 F
       16324       34020           3        1024
   -0.154988986819346820E+03   -0.144791719962812238E+03
 T
   2
    0.200000000000000000E+01    0.300000000000000000E+01    0.958007812500000000E+00    0.419921875000000000E-01
   0
   0
 T T     0           0
    0.000000000000000000E+00   -0.100000000000000002+101    0.000000000000000000E+00
 T F     1         981
    0.282269674686842216E-06   -0.155017372186841698E+03   -0.144768061647567464E+03
 T F     1          43
    0.127799116233894294E-06   -0.158565027426907932E+03   -0.145613415461793039E+03
