 F
       11190       21813           3        1024
   -0.966690009270374730E+02   -0.902764757819103778E+02
 T
   2
    0.200000000000000000E+01    0.300000000000000000E+01    0.190429687500000000E+00    0.809570312500000000E+00
   0
   0
 T T     0           0
    0.000000000000000000E+00   -0.100000000000000002+101    0.000000000000000000E+00
 T F     1         195
    0.137207914888579110E-04   -0.984072791165587120E+02   -0.904233643923755608E+02
 T F     1         829
    0.361360927417499089E-04   -0.968623707402396974E+02   -0.902451398265677511E+02
