 F
       19126       42714           3        1024
   -0.192124110005875508E+03   -0.179893910038201284E+03
 T
   2
    0.200000000000000000E+01    0.300000000000000000E+01    0.956054687500000000E+00    0.439453125000000000E-01
   0
   0
 T T     0           0
    0.000000000000000000E+00   -0.100000000000000002+101    0.000000000000000000E+00
 T F     1         979
    0.175018302352150232E-07   -0.192137327850668044E+03   -0.179857052157734131E+03
 T F     1          45
    0.195632309726700109E-07   -0.196456899132676739E+03   -0.182664015646270258E+03
