 F
       19076       35246           3        1024
   -0.155990716678675426E+03   -0.142417218130720642E+03
 T
   2
    0.200000000000000000E+01    0.300000000000000000E+01    0.945312500000000000E+00    0.546875000000000000E-01
   0
   0
 T T     0           0
    0.000000000000000000E+00   -0.100000000000000002+101    0.000000000000000000E+00
 T F     1         968
    0.192366052512142312E-07   -0.155990760201043855E+03   -0.142416818620280679E+03
 T F     1          56
    0.510064347951464978E-08   -0.166032973978878971E+03   -0.151596446778314998E+03
