 F
       16557       34187           3        1024
   -0.154285744856228860E+03   -0.144153410649183087E+03
 T
   2
    0.200000000000000000E+01    0.300000000000000000E+01    0.187500000000000000E+00    0.812500000000000000E+00
   0
   0
 T T     0           0
    0.000000000000000000E+00   -0.100000000000000002+101    0.000000000000000000E+00
 T F     1         192
    0.202356620909860175E-06   -0.156104006088107496E+03   -0.144479644326843925E+03
 T F     1         832
    0.151283736186597826E-06   -0.154462849311252143E+03   -0.144090200988330565E+03
