 F
       19334       38952           3        1024
   -0.156349452251893183E+03   -0.143864499619457348E+03
 T
   2
    0.200000000000000000E+01    0.300000000000000000E+01    0.956054687500000000E+00    0.439453125000000000E-01
   0
   0
 T T     0           0
    0.000000000000000000E+00   -0.100000000000000002+101    0.000000000000000000E+00
 T F     1         979
    0.148013996800239237E-07   -0.156349501663495033E+03   -0.143864098692844550E+03
 T F     1          45
    0.736917933211274760E-08   -0.166264802249309497E+03   -0.151978314708548396E+03
