 F
       18621       39655           3        1024
   -0.154133948154408159E+03   -0.141692037718440190E+03
 T
   2
    0.200000000000000000E+01    0.300000000000000000E+01    0.980468750000000000E+00    0.195312500000000000E-01
   0
   0
 T T     0           0
    0.000000000000000000E+00   -0.100000000000000002+101    0.000000000000000000E+00
 T F     1        1004
    0.317907398196355634E-07   -0.154133952197381689E+03   -0.141691988068639517E+03
 T F     1          20
    0.149500374507583503E-07   -0.166552480290273195E+03   -0.153972528397251438E+03
